c pigeon problem with 10
p cnf 20 775
-0 -1
-10 -11
-20 -21
-30 -31
-40 -41
-50 -51
-60 -61
-70 -71
-80 -81
-0 -2
-10 -12
-20 -22
-30 -32
-40 -42
-50 -52
-60 -62
-70 -72
-80 -82
-0 -3
-10 -13
-20 -23
-30 -33
-40 -43
-50 -53
-60 -63
-70 -73
-80 -83
-0 -4
-10 -14
-20 -24
-30 -34
-40 -44
-50 -54
-60 -64
-70 -74
-80 -84
-0 -5
-10 -15
-20 -25
-30 -35
-40 -45
-50 -55
-60 -65
-70 -75
-80 -85
-0 -6
-10 -16
-20 -26
-30 -36
-40 -46
-50 -56
-60 -66
-70 -76
-80 -86
-0 -7
-10 -17
-20 -27
-30 -37
-40 -47
-50 -57
-60 -67
-70 -77
-80 -87
-0 -8
-10 -18
-20 -28
-30 -38
-40 -48
-50 -58
-60 -68
-70 -78
-80 -88
-0 -9
-10 -19
-20 -29
-30 -39
-40 -49
-50 -59
-60 -69
-70 -79
-80 -89
-1 -2
-11 -12
-21 -22
-31 -32
-41 -42
-51 -52
-61 -62
-71 -72
-81 -82
-1 -3
-11 -13
-21 -23
-31 -33
-41 -43
-51 -53
-61 -63
-71 -73
-81 -83
-1 -4
-11 -14
-21 -24
-31 -34
-41 -44
-51 -54
-61 -64
-71 -74
-81 -84
-1 -5
-11 -15
-21 -25
-31 -35
-41 -45
-51 -55
-61 -65
-71 -75
-81 -85
-1 -6
-11 -16
-21 -26
-31 -36
-41 -46
-51 -56
-61 -66
-71 -76
-81 -86
-1 -7
-11 -17
-21 -27
-31 -37
-41 -47
-51 -57
-61 -67
-71 -77
-81 -87
-1 -8
-11 -18
-21 -28
-31 -38
-41 -48
-51 -58
-61 -68
-71 -78
-81 -88
-1 -9
-11 -19
-21 -29
-31 -39
-41 -49
-51 -59
-61 -69
-71 -79
-81 -89
-2 -3
-12 -13
-22 -23
-32 -33
-42 -43
-52 -53
-62 -63
-72 -73
-82 -83
-2 -4
-12 -14
-22 -24
-32 -34
-42 -44
-52 -54
-62 -64
-72 -74
-82 -84
-2 -5
-12 -15
-22 -25
-32 -35
-42 -45
-52 -55
-62 -65
-72 -75
-82 -85
-2 -6
-12 -16
-22 -26
-32 -36
-42 -46
-52 -56
-62 -66
-72 -76
-82 -86
-2 -7
-12 -17
-22 -27
-32 -37
-42 -47
-52 -57
-62 -67
-72 -77
-82 -87
-2 -8
-12 -18
-22 -28
-32 -38
-42 -48
-52 -58
-62 -68
-72 -78
-82 -88
-2 -9
-12 -19
-22 -29
-32 -39
-42 -49
-52 -59
-62 -69
-72 -79
-82 -89
-3 -4
-13 -14
-23 -24
-33 -34
-43 -44
-53 -54
-63 -64
-73 -74
-83 -84
-3 -5
-13 -15
-23 -25
-33 -35
-43 -45
-53 -55
-63 -65
-73 -75
-83 -85
-3 -6
-13 -16
-23 -26
-33 -36
-43 -46
-53 -56
-63 -66
-73 -76
-83 -86
-3 -7
-13 -17
-23 -27
-33 -37
-43 -47
-53 -57
-63 -67
-73 -77
-83 -87
-3 -8
-13 -18
-23 -28
-33 -38
-43 -48
-53 -58
-63 -68
-73 -78
-83 -88
-3 -9
-13 -19
-23 -29
-33 -39
-43 -49
-53 -59
-63 -69
-73 -79
-83 -89
-4 -5
-14 -15
-24 -25
-34 -35
-44 -45
-54 -55
-64 -65
-74 -75
-84 -85
-4 -6
-14 -16
-24 -26
-34 -36
-44 -46
-54 -56
-64 -66
-74 -76
-84 -86
-4 -7
-14 -17
-24 -27
-34 -37
-44 -47
-54 -57
-64 -67
-74 -77
-84 -87
-4 -8
-14 -18
-24 -28
-34 -38
-44 -48
-54 -58
-64 -68
-74 -78
-84 -88
-4 -9
-14 -19
-24 -29
-34 -39
-44 -49
-54 -59
-64 -69
-74 -79
-84 -89
-5 -6
-15 -16
-25 -26
-35 -36
-45 -46
-55 -56
-65 -66
-75 -76
-85 -86
-5 -7
-15 -17
-25 -27
-35 -37
-45 -47
-55 -57
-65 -67
-75 -77
-85 -87
-5 -8
-15 -18
-25 -28
-35 -38
-45 -48
-55 -58
-65 -68
-75 -78
-85 -88
-5 -9
-15 -19
-25 -29
-35 -39
-45 -49
-55 -59
-65 -69
-75 -79
-85 -89
-6 -7
-16 -17
-26 -27
-36 -37
-46 -47
-56 -57
-66 -67
-76 -77
-86 -87
-6 -8
-16 -18
-26 -28
-36 -38
-46 -48
-56 -58
-66 -68
-76 -78
-86 -88
-6 -9
-16 -19
-26 -29
-36 -39
-46 -49
-56 -59
-66 -69
-76 -79
-86 -89
-7 -8
-17 -18
-27 -28
-37 -38
-47 -48
-57 -58
-67 -68
-77 -78
-87 -88
-7 -9
-17 -19
-27 -29
-37 -39
-47 -49
-57 -59
-67 -69
-77 -79
-87 -89
-8 -9
-18 -19
-28 -29
-38 -39
-48 -49
-58 -59
-68 -69
-78 -79
-88 -89
0 10 20 30 40 50 60 70 80
1 11 21 31 41 51 61 71 81
2 12 22 32 42 52 62 72 82
3 13 23 33 43 53 63 73 83
4 14 24 34 44 54 64 74 84
5 15 25 35 45 55 65 75 85
6 16 26 36 46 56 66 76 86
7 17 27 37 47 57 67 77 87
8 18 28 38 48 58 68 78 88
9 19 29 39 49 59 69 79 89
-0 -10
-1 -11
-2 -12
-3 -13
-4 -14
-5 -15
-6 -16
-7 -17
-8 -18
-9 -19
-0 -20
-1 -21
-2 -22
-3 -23
-4 -24
-5 -25
-6 -26
-7 -27
-8 -28
-9 -29
-0 -30
-1 -31
-2 -32
-3 -33
-4 -34
-5 -35
-6 -36
-7 -37
-8 -38
-9 -39
-0 -40
-1 -41
-2 -42
-3 -43
-4 -44
-5 -45
-6 -46
-7 -47
-8 -48
-9 -49
-0 -50
-1 -51
-2 -52
-3 -53
-4 -54
-5 -55
-6 -56
-7 -57
-8 -58
-9 -59
-0 -60
-1 -61
-2 -62
-3 -63
-4 -64
-5 -65
-6 -66
-7 -67
-8 -68
-9 -69
-0 -70
-1 -71
-2 -72
-3 -73
-4 -74
-5 -75
-6 -76
-7 -77
-8 -78
-9 -79
-0 -80
-1 -81
-2 -82
-3 -83
-4 -84
-5 -85
-6 -86
-7 -87
-8 -88
-9 -89
-10 -20
-11 -21
-12 -22
-13 -23
-14 -24
-15 -25
-16 -26
-17 -27
-18 -28
-19 -29
-10 -30
-11 -31
-12 -32
-13 -33
-14 -34
-15 -35
-16 -36
-17 -37
-18 -38
-19 -39
-10 -40
-11 -41
-12 -42
-13 -43
-14 -44
-15 -45
-16 -46
-17 -47
-18 -48
-19 -49
-10 -50
-11 -51
-12 -52
-13 -53
-14 -54
-15 -55
-16 -56
-17 -57
-18 -58
-19 -59
-10 -60
-11 -61
-12 -62
-13 -63
-14 -64
-15 -65
-16 -66
-17 -67
-18 -68
-19 -69
-10 -70
-11 -71
-12 -72
-13 -73
-14 -74
-15 -75
-16 -76
-17 -77
-18 -78
-19 -79
-10 -80
-11 -81
-12 -82
-13 -83
-14 -84
-15 -85
-16 -86
-17 -87
-18 -88
-19 -89
-20 -30
-21 -31
-22 -32
-23 -33
-24 -34
-25 -35
-26 -36
-27 -37
-28 -38
-29 -39
-20 -40
-21 -41
-22 -42
-23 -43
-24 -44
-25 -45
-26 -46
-27 -47
-28 -48
-29 -49
-20 -50
-21 -51
-22 -52
-23 -53
-24 -54
-25 -55
-26 -56
-27 -57
-28 -58
-29 -59
-20 -60
-21 -61
-22 -62
-23 -63
-24 -64
-25 -65
-26 -66
-27 -67
-28 -68
-29 -69
-20 -70
-21 -71
-22 -72
-23 -73
-24 -74
-25 -75
-26 -76
-27 -77
-28 -78
-29 -79
-20 -80
-21 -81
-22 -82
-23 -83
-24 -84
-25 -85
-26 -86
-27 -87
-28 -88
-29 -89
-30 -40
-31 -41
-32 -42
-33 -43
-34 -44
-35 -45
-36 -46
-37 -47
-38 -48
-39 -49
-30 -50
-31 -51
-32 -52
-33 -53
-34 -54
-35 -55
-36 -56
-37 -57
-38 -58
-39 -59
-30 -60
-31 -61
-32 -62
-33 -63
-34 -64
-35 -65
-36 -66
-37 -67
-38 -68
-39 -69
-30 -70
-31 -71
-32 -72
-33 -73
-34 -74
-35 -75
-36 -76
-37 -77
-38 -78
-39 -79
-30 -80
-31 -81
-32 -82
-33 -83
-34 -84
-35 -85
-36 -86
-37 -87
-38 -88
-39 -89
-40 -50
-41 -51
-42 -52
-43 -53
-44 -54
-45 -55
-46 -56
-47 -57
-48 -58
-49 -59
-40 -60
-41 -61
-42 -62
-43 -63
-44 -64
-45 -65
-46 -66
-47 -67
-48 -68
-49 -69
-40 -70
-41 -71
-42 -72
-43 -73
-44 -74
-45 -75
-46 -76
-47 -77
-48 -78
-49 -79
-40 -80
-41 -81
-42 -82
-43 -83
-44 -84
-45 -85
-46 -86
-47 -87
-48 -88
-49 -89
-50 -60
-51 -61
-52 -62
-53 -63
-54 -64
-55 -65
-56 -66
-57 -67
-58 -68
-59 -69
-50 -70
-51 -71
-52 -72
-53 -73
-54 -74
-55 -75
-56 -76
-57 -77
-58 -78
-59 -79
-50 -80
-51 -81
-52 -82
-53 -83
-54 -84
-55 -85
-56 -86
-57 -87
-58 -88
-59 -89
-60 -70
-61 -71
-62 -72
-63 -73
-64 -74
-65 -75
-66 -76
-67 -77
-68 -78
-69 -79
-60 -80
-61 -81
-62 -82
-63 -83
-64 -84
-65 -85
-66 -86
-67 -87
-68 -88
-69 -89
-70 -80
-71 -81
-72 -82
-73 -83
-74 -84
-75 -85
-76 -86
-77 -87
-78 -88
-79 -89
